409428213
921051326

315461680
974802108
532352548
1871478216
498344341
870093817
468172621
965246985
526751159
542824849
529004424
289418696
251743377
359298863
458570073
774547691
121164298
371534155
348377232
352374643
540903895
302258351
399293802
474389633
1094070812
467712871
869081893
439943619
533042933
536535252
720214104
756200509
387888400
921051326
460400819
712388080
409428213
390942651
394837856
433013981
570427565
523885708
745280109
395954868
1010327494
575036681
783865193
555863522
848279890
464232171
415067703
343436433
453703260